final_cost=11312 | time=154.3399064540863 | route=[28, 18, 42, 62, 69, 96, 25, 87, 85, 6, 67, 97, 112, 110, 122, 100, 81, 56, 8, 55, 91, 37, 1, 15, 4, 10, 44, 70, 22, 13, 9, 101, 5, 52, 115, 14, 88, 109, 68, 63, 108, 75, 40, 38, 116, 2, 82, 29, 58, 125, 113, 129, 49, 92, 21, 36, 43, 3, 78, 76, 118, 64, 72, 71, 90, 98, 51, 74, 73, 57, 48, 119, 59, 50, 41, 105, 11, 86, 94, 99, 26, 103, 106, 0, 127, 104, 111, 107, 7, 17, 19, 34, 53, 30, 16, 117, 79, 45, 20, 32, 12, 66, 95, 121, 54, 39, 46, 120, 77, 65, 84, 124, 89, 27, 114, 61, 93, 35, 83, 31, 24, 47, 123, 60, 128, 126, 33, 23, 80, 102] | tabu_value=3 | iter_number=300
final_cost=12345 | time=146.78799676895142 | route=[104, 127, 15, 44, 4, 10, 108, 96, 69, 19, 43, 41, 119, 52, 76, 112, 31, 24, 47, 67, 42, 99, 50, 5, 101, 54, 39, 36, 46, 121, 13, 9, 95, 22, 21, 32, 20, 17, 7, 107, 2, 116, 111, 61, 25, 6, 62, 97, 109, 53, 34, 117, 79, 45, 0, 128, 123, 87, 85, 68, 63, 27, 65, 84, 114, 129, 49, 1, 16, 30, 33, 103, 126, 40, 38, 70, 113, 125, 120, 77, 124, 89, 58, 110, 122, 100, 3, 92, 12, 66, 59, 71, 90, 98, 51, 74, 73, 72, 37, 78, 94, 86, 11, 91, 48, 57, 105, 75, 60, 106, 88, 93, 35, 83, 118, 81, 56, 8, 55, 64, 102, 80, 28, 23, 115, 14, 18, 26, 82, 29] | tabu_value=3 | iter_number=300
