final_cost=12130 | time=538.2222919464111 | route=[28, 71, 69, 63, 207, 225, 232, 219, 186, 168, 97, 79, 78, 106, 217, 221, 220, 142, 178, 175, 180, 155, 119, 161, 182, 188, 163, 98, 100, 101, 102, 179, 145, 141, 205, 213, 222, 143, 185, 184, 127, 23, 252, 208, 210, 212, 200, 198, 146, 134, 19, 131, 157, 108, 107, 87, 81, 64, 62, 271, 270, 133, 140, 139, 204, 211, 194, 191, 190, 187, 104, 105, 156, 256, 255, 246, 238, 233, 234, 230, 231, 236, 235, 237, 253, 267, 45, 67, 70, 66, 57, 9, 6, 12, 18, 129, 153, 30, 124, 123, 120, 150, 199, 218, 214, 85, 82, 89, 103, 93, 94, 96, 99, 166, 167, 90, 113, 60, 40, 48, 52, 55, 215, 209, 189, 169, 92, 77, 65, 47, 51, 36, 35, 42, 117, 14, 11, 15, 121, 122, 154, 138, 202, 144, 183, 170, 91, 95, 72, 68, 56, 41, 39, 38, 31, 21, 24, 110, 88, 162, 196, 193, 201, 216, 226, 244, 239, 279, 2, 247, 240, 242, 261, 265, 137, 136, 248, 249, 250, 206, 263, 26, 32, 37, 33, 118, 152, 128, 20, 273, 276, 5, 7, 34, 53, 46, 54, 43, 58, 147, 148, 264, 13, 10, 274, 8, 272, 268, 149, 176, 177, 251, 229, 228, 203, 174, 114, 80, 75, 76, 86, 112, 83, 173, 181, 266, 262, 258, 257, 260, 277, 3, 164, 172, 109, 111, 115, 254, 227, 224, 223, 160, 84, 116, 269, 259, 278, 4, 25, 29, 49, 50, 44, 61, 243, 245, 241, 1, 0, 275, 22, 27, 125, 126, 151, 171, 165, 192, 197, 135, 132, 130, 158, 159, 16, 17, 59, 73, 74, 195] | tabu_value=3 | iter_number=100
final_cost=28058 | time=54.213146448135376 | route=[6, 213, 87, 155, 162, 218, 60, 276, 141, 229, 257, 205, 140, 132, 70, 57, 66, 168, 73, 71, 56, 191, 101, 194, 146, 61, 115, 88, 170, 209, 25, 180, 160, 150, 266, 279, 274, 14, 224, 26, 250, 151, 34, 93, 152, 81, 172, 38, 47, 121, 149, 109, 190, 118, 268, 234, 39, 90, 18, 236, 265, 103, 110, 5, 128, 206, 133, 259, 77, 31, 256, 204, 2, 231, 16, 210, 119, 193, 228, 183, 153, 35, 48, 37, 20, 138, 215, 241, 263, 239, 233, 246, 278, 247, 254, 269, 137, 199, 251, 142, 4, 117, 51, 19, 273, 216, 59, 40, 275, 122, 198, 63, 75, 92, 111, 163, 78, 165, 192, 185, 28, 187, 96, 55, 212, 255, 125, 69, 108, 105, 67, 166, 74, 120, 62, 43, 260, 7, 123, 195, 214, 261, 184, 223, 97, 82, 83, 222, 240, 271, 225, 161, 27, 127, 135, 211, 113, 23, 44, 68, 52, 36, 175, 145, 277, 244, 217, 237, 243, 130, 53, 98, 201, 100, 15, 173, 158, 220, 203, 197, 188, 272, 186, 157, 13, 45, 177, 258, 171, 89, 9, 227, 30, 253, 147, 84, 139, 1, 159, 17, 156, 91, 42, 154, 167, 131, 174, 99, 76, 179, 129, 10, 264, 80, 54, 182, 58, 41, 189, 169, 134, 12, 235, 208, 3, 148, 11, 232, 144, 86, 164, 126, 181, 221, 112, 64, 136, 94, 49, 207, 200, 104, 114, 178, 116, 85, 65, 143, 238, 252, 46, 29, 107, 106, 50, 102, 33, 176, 8, 22, 248, 32, 270, 267, 79, 24, 196, 124, 242, 262, 21, 219, 226, 230, 245, 202, 0, 249, 72, 95] | tabu_value=3 | iter_number=10
